1,Turbine,steamturbine.gif
